4294967278,370
81,45
85,65
81,44
194,25
4294967278,369
81,43
81,42
81,41
85,64
82,32
82,31
4294967279,432
85,36
4294967279,431
4294967279,430
82,30
85,35
4294967279,429
4294967278,368
4294967279,428
81,40
4294967278,366
4294967278,363
4294967279,427
82,29
4294967278,361
81,39
4294967279,426
4294967279,425
4294967278,355
82,28
4294967279,424
4294967278,354
82,27
81,38
81,37
4294967279,450
82,26
4294967278,352
81,36
82,25
85,34
85,33
85,32
85,31
82,24
85,30
85,29
85,28
82,23
4294967279,417
85,27
82,22
81,35
85,26
85,25
85,24
85,23
4294967279,416
85,22
82,21
4294967278,338
4294967279,415
85,21
85,20
4294967278,332
4294967278,327
94,60
94,92
94,23
94,91
276,18
363,7
235,1357
235,1119
235,1118
85,19
4294967279,412
94,90
81,34
4294967279,407
82,20
85,18
81,33
81,32
4294967278,324
4294967278,323
94,89
94,88
4294967278,322
4294967278,321
82,19
4294967278,320
4294967278,188
4294967279,403
85,17
4294967279,401
82,18
4294967279,398
85,16
81,31
4294967279,392
85,15
4294967279,390
81,30
4294967279,384
4294967278,443
4294967279,252
82,17
85,14
82,16
4294967279,245
81,29
4294967279,243
4294967279,241
85,13
82,15
4294967279,233
85,12
4294967279,231
4294967278,442
82,14
4294967278,441
4294967278,440
4294967279,229
4294967279,225
4294967278,439
4294967279,217
4294967279,470
4294967278,437
4294967279,319
4294967279,420
4294967278,374
4294967278,434
85,11
82,13
4294967278,415
81,28
4294967279,317
4294967278,408
82,12
81,27
4294967279,315
85,10
81,26
85,9
94,87
94,86
351,131
94,59
94,85
94,84
94,26
94,83
94,82
4294967279,314
4294967278,398
194,27
81,25
283,52
283,18
281,17
94,81
94,80
235,1356
94,79
283,19
194,26
94,78
94,58
94,50
94,77
94,76
4294967278,388
235,871
4294967278,385
82,11
4294967278,384
4294967279,313
91,6
91,5
85,8
4294967279,312
4294967278,316
235,870
4294967278,314
194,21
104,12
104,11
4294967278,313
194,24
4294967278,312
82,10
4294967279,310
4294967279,309
4294967279,308
81,24
85,7
81,23
4294967279,307
82,9
85,6
85,5
4294967278,311
4294967279,306
4294967278,309
4294967279,305
4294967278,308
4294967278,307
4294967278,305
82,8
276,20
283,51
4294967278,337
94,75
94,74
194,23
94,73
94,72
235,1600
235,705
94,57
94,30
94,71
94,56
94,40
94,70
363,6
363,5
235,1353
235,23
94,69
94,68
94,67
4294967278,302
194,22
235,1092
81,22
94,55
278,135
4294967278,200
94,24
94,66
94,65
194,17
235,1350
94,64
94,54
283,50
94,53
94,52
94,51
94,34
442,207
442,206
235,1349
94,49
94,48
94,47
94,46
365,52
81,21
194,19
82,7
4294967279,304
94,45
94,44
235,1543
235,1281
94,43
235,1410
235,566
235,1347
94,42
281,19
274,172
274,156
94,41
94,39
94,6
94,38
194,18
287,8
287,7
4294967278,298
94,37
94,36
94,35
94,20
94,33
278,94
278,92
194,13
235,1177
4294967279,215
94,32
94,31
351,73
351,69
94,29
94,9
94,28
351,130
94,27
94,25
94,7
94,5
94,22
94,21
235,1188
235,1409
4294967279,303
4294967279,302
4294967279,300
4294967279,297
4294967279,296
4294967279,295
4294967294,460
4294967294,1419
4294967293,131
4294967293,130
4294967293,129
4294967293,128
4294967293,127
4294967293,126
4294967293,125
4294967293,124
4294967293,123
4294967293,122
4294967293,121
4294967293,120
4294967293,119
4294967293,118
4294967293,117
4294967293,116
4294967293,115
4294967293,114
4294967293,113
4294967293,112
4294967293,111
4294967293,110
4294967293,109
4294967293,108
4294967293,107
4294967293,106
4294967293,105
4294967293,104
4294967293,103
4294967293,102
4294967293,101
4294967293,100
4294967293,99
4294967293,98
4294967293,97
4294967293,96
4294967293,95
4294967293,94
4294967293,93
4294967293,92
4294967293,91
4294967293,90
4294967293,89
4294967293,88
4294967293,87
4294967293,86
4294967293,85
4294967293,84
4294967293,83
4294967293,82
4294967293,81
4294967293,80
4294967293,79
4294967293,78
4294967293,77
4294967293,76
4294967293,75
4294967293,74
4294967293,73
4294967293,72
4294967293,71
4294967293,70
4294967293,69
4294967293,68
4294967293,67
4294967293,66
4294967293,65
4294967293,64
4294967293,63
4294967293,62
4294967293,61
4294967293,60
4294967293,59
4294967293,58
4294967293,57
4294967293,56
4294967293,55
4294967293,54
4294967293,53
4294967293,52
4294967293,51
4294967293,50
4294967293,49
4294967293,48
4294967293,47
4294967293,46
4294967293,45
4294967293,44
4294967293,43
4294967293,42
4294967293,41
4294967293,40
4294967293,39
4294967293,38
4294967293,37
4294967293,36
4294967293,35
4294967293,34
4294967293,33
4294967293,32
4294967293,31
4294967293,30
4294967293,29
4294967293,28
4294967293,27
4294967293,26
4294967293,25
4294967293,24
4294967293,23
4294967293,22
4294967293,21
4294967293,20
4294967293,19
4294967293,18
4294967293,17
4294967293,16
4294967293,15
4294967293,14
4294967293,13
4294967293,12
4294967293,11
4294967293,10
4294967293,9
4294967293,8
4294967293,7
4294967293,6
4294967293,5
4294967293,4
4294967293,3
4294967293,2
4243767290,0
4243767289,0
4243767288,0
4243767287,0
4243767286,0
4243767285,0
4243767284,0
4243767283,0
4243767282,0
4243767281,0
4294967293,0
4294967279,89
4294967279,477
4294967279,203
4294967279,483
4294967279,90
4294967279,204
4294967279,91
4294967279,457
4294967279,452
4294967279,206
4294967279,205
4294967279,92
4294967279,93
4294967279,486
4294967279,282
4294967279,208
4294967279,207
4294967279,94
4294967279,95
4294967279,281
4294967279,257
4294967279,210
4294967279,209
4294967279,96
4294967279,97
4294967279,458
4294967279,510
4294967279,212
4294967279,211
4294967279,98
4294967279,478
4294967279,99
4294967279,213
4294967279,100
4294967279,487
4294967279,280
4294967279,408
4294967279,214
4294967279,101
4294967279,481
4294967279,102
4294967279,216
4294967279,103
4294967279,456
4294967279,479
4294967279,220
4294967279,218
4294967279,104
4294967279,105
4294967279,500
4294967279,318
4294967279,222
4294967279,226
4294967279,106
4294967279,488
4294967279,224
4294967279,107
4294967279,108
4294967279,459
4294967279,228
4294967279,511
4294967279,109
4294967279,230
4294967279,110
4294967279,439
4294967279,485
4294967279,232
4294967279,111
4294967279,234
4294967279,112
4294967279,418
4294967279,438
4294967279,236
4294967279,113
4294967279,460
4294967279,237
4294967279,114
4294967279,440
4294967279,238
4294967279,115
4294967279,441
4294967279,242
4294967279,240
4294967279,117
4294967279,116
4294967279,285
4294967279,286
4294967279,244
4294967279,246
4294967279,118
4294967279,119
4294967279,435
4294967279,508
4294967279,248
4294967279,120
4294967279,503
4294967279,249
4294967279,121
4294967279,250
4294967279,253
4294967279,461
4294967279,122
4294967279,442
4294967279,123
4294967279,494
4294967279,254
4294967279,391
4294967279,124
4294967279,276
4294967279,125
4294967279,255
4294967279,277
4294967279,393
4294967279,126
4294967279,509
4294967279,127
4294967279,396
4294967279,395
4294967279,288
4294967279,128
4294967279,397
4294967279,129
4294967279,422
4294967279,219
4294967279,130
4294967278,221
4294967279,131
4294967279,399
4294967279,443
4294967279,132
4294967278,267
4294967278,334
4294967278,4
4294967278,257
4294967278,5
4294967278,418
4294967278,258
4294967278,6
4294967278,215
4294967278,261
4294967278,273
4294967278,259
4294967278,7
4294967278,278
4294967278,283
4294967278,8
4294967278,9
4294967278,402
4294967278,263
4294967278,235
4294967278,10
4294967278,280
4294967278,423
4294967278,264
4294967278,11
4294967278,12
4294967278,13
4294967278,346
4294967278,414
4294967278,266
4294967278,14
4294967278,268
4294967278,282
4294967278,404
4294967278,15
4294967278,16
4294967278,396
4294967278,331
4294967278,269
4294967278,17
4294967278,243
4294967278,270
4294967278,18
4294967278,431
4294967278,271
4294967278,19
4294967278,424
4294967278,133
4294967278,272
4294967278,20
4294967278,390
4294967278,21
4294967278,134
4294967278,22
4294967278,303
4294967278,135
4294967278,23
4294967278,446
4294967278,136
4294967278,24
4294967278,274
4294967278,276
4294967278,391
4294967278,25
4294967278,138
4294967278,26
4294967278,335
4294967278,139
4294967278,286
4294967278,140
4294967278,27
4294967278,28
4294967278,336
4294967278,141
4294967278,318
4294967278,142
4294967278,29
4294967278,406
4294967278,30
4294967278,365
4294967278,143
4294967278,144
4294967278,31
4294967278,393
4294967278,32
4294967278,219
4294967278,145
4294967278,147
4294967278,33
4294967278,217
4294967278,146
4294967278,34
4294967278,392
4294967278,148
4294967278,35
4294967278,412
4294967278,36
4294967278,306
4294967278,149
4294967278,37
4294967278,251
4294967278,150
4294967278,38
4294967278,265
4294967278,151
4294967278,39
4294967278,152
4294967278,40
4294967278,367
4294967278,386
4294967278,153
4294967278,41
4294967278,137
4294967278,155
4294967278,154
4294967278,42
4294967278,43
4294967278,430
4294967278,395
4294967278,156
4294967278,44
4294967278,291
4294967278,157
4294967278,45
4294967278,158
4294967278,46
4294967278,159
4294967278,47
4294967278,292
4294967278,160
4294967278,48
4294967278,161
4294967278,375
4294967278,49
4294967278,162
4294967278,394
4294967278,50
4294967278,163
4294967278,420
4294967278,51
4294967278,347
4294967278,164
4294967278,52
4294967278,165
4294967278,53
4294967278,288
4294967278,166
4294967278,54
4294967278,262
4294967278,245
4294967278,168
4294967278,167
4294967278,55
4294967278,416
4294967278,56
4294967278,289
4294967278,169
4294967278,57
4294967278,239
4294967278,171
4294967278,170
4294967278,58
4294967278,59
4294967278,223
4294967278,397
4294967278,172
4294967278,173
4294967278,60
4294967278,61
4294967278,340
4294967278,413
4294967278,176
4294967278,175
4294967278,62
4294967279,202
4294967279,87
4294967279,201
4294967279,475
4294967279,85
4294967279,200
4294967279,414
4294967279,84
4294967279,83
4294967279,197
4294967279,451
4294967279,196
4294967279,195
4294967279,423
4294967279,80
4294967279,79
4294967279,491
4294967279,193
4294967279,78
4294967279,77
4294967279,191
4294967279,239
4294967279,76
4294967279,189
4294967279,474
4294967279,235
4294967279,188
4294967279,73
4294967279,389
4294967279,72
4294967279,186
4294967279,71
4294967279,185
4294967279,413
4294967279,184
4294967279,69
4294967279,183
4294967279,182
4294967279,499
4294967279,67
4294967279,181
4294967279,180
4294967279,498
4294967279,64
4294967279,179
4294967279,275
4294967279,448
4294967279,62
4294967279,497
4294967279,176
4294967279,61
4294967279,60
4294967279,173
4294967279,447
4294967279,59
4294967279,58
4294967279,289
4294967279,170
4294967279,171
4294967279,56
4294967279,290
4294967279,55
4294967279,473
4294967279,471
4294967279,53
4294967279,411
4294967279,52
4294967279,293
4294967279,51
4294967279,469
4294967279,50
4294967279,163
4294967279,49
4294967279,162
4294967279,48
4294967279,161
4294967279,47
4294967279,462
4294967279,46
4294967279,292
4294967279,45
4294967279,44
4294967279,492
4294967279,158
4294967279,43
4294967279,42
4294967279,155
4294967279,505
4294967279,41
4294967279,40
4294967279,467
4294967279,468
4294967279,39
4294967279,38
4294967279,268
4294967279,247
4294967279,149
4294967279,36
4294967279,495
4294967279,35
4294967279,455
4294967279,146
4294967279,405
4294967279,145
4294967279,409
4294967279,144
4294967279,31
4294967279,143
4294967279,30
4294967279,142
4294967279,490
4294967279,29
4294967279,482
4294967279,140
4294967279,27
4294967279,261
4294967279,26
4294967279,25
4294967279,404
4294967279,24
4294967279,480
4294967279,23
4294967279,135
4294967279,445
4294967279,133
4294967279,21
4294967279,20
4294967279,283
4294967279,223
4294967279,19
4294967279,273
4294967279,274
4294967279,17
4294967279,272
4294967279,16
4294967279,271
4294967279,15
4294967279,463
4294967279,299
4294967279,269
4294967279,294
4294967279,465
4294967279,12
4294967279,11
4294967279,504
4294967279,266
4294967279,10
4294967294,1454
4294967294,187
4294967294,186
4294967294,419
4294967294,29
4294967294,409
4294967294,1420
4294967294,1019
4294967294,37
4294967294,38
4294967294,1632
4294967294,40
4294967294,42
4294967294,1640
4294967294,1616
4294967294,1427
4294967294,1634
4294967294,430
4294967294,1639
4294967294,1624
4294967294,392
4294967294,439
4294967294,1623
4294967294,47
4294967294,49
4294967294,418
4294967294,387
4294967294,1625
4294967294,52
4294967294,1445
4294967294,1610
4294967294,73
4294967294,75
4294967294,76
4294967294,78
4294967294,80
4294967294,82
4294967294,190
4294967294,162
4294967294,977
4294967294,987
4294967294,1418
4294967294,85
4294967294,86
4294967294,88
4294967294,90
4294967294,92
4294967294,1621
4294967294,98
4294967294,100
4294967294,101
4294967294,103
4294967294,104
4294967294,106
4294967294,161
4294967294,167
4294967294,109
4294967294,1631
4294967294,111
4294967294,112
4294967294,113
4294967294,388
4294967294,116
4294967294,118
4294967294,457
4294967294,511
4294967294,599
4294967294,398
4294967294,386
4294967294,179
4294967294,1018
4294967294,396
4294967294,1630
